// Floor
-25 25 55 55 -25 25
// Obstacles
-25 25 55 70 -25 -25
-25 25 55 70 25 25
-25 -25 55 70 -25 25
25 25 55 70 -25 25
-5 5 5 5 -5 -5
-4 4 4 4 -4 -4
-3 3 3 3 -3 -3
-2 2 2 2 -2 -2
-1 1 1 1 -1 -1
5 5 5 5 5 5
4 4 4 4 4 4
3 3 3 3 3 3
2 2 2 2 2 2
1 1 1 1 1 1
-5 5 5 5 5 5
-4 4 4 4 4 4
-3 3 3 3 3 3
-2 2 2 2 2 2
-1 1 1 1 1 1
-5 -5 5 5 -5 -5
-4 -4 4 4 -4 -4
-3 -3 3 3 -3 -3
-2 -2 2 2 -2 -2
-1 -1 1 1 -1 -1
0 0 55 55 0 0
-1 -1 55 57 18 24
1 1 55 57 18 24
0 0 58 58 18 24
-8 8 58 58 7 7
-8 -8 58 58 0 6
8 8 58 58 0 6
-7 -6 59 59 0 0
6 7 59 59 0 0
0 0 57 57 8 8
0 0 56 56 9 9